----------------------------------------------------------------------
Matrice de corrélation des variables
 --------  PA15+ --------  PA15+Urb --------  PA15+Rur --------  PAO --------  PAOUrb --------  PAORur --------  AgrForPêche --------  Indus --------  BatTrav --------  comm --------  TraEntCommu --------  Serv --------  MalDes --------  PAC --------  TFPAC --------  ChSansDipUrb --------  ChNivMoyUrb --------  ChNivSupUrb --------  ChDipUrb --------  ChSansDipRur --------  ChDipRur -------- 
PA15+ [1.0, 0.5835767880047739, 0.3564922198418984, 0.9936003549288791, 0.986207595037481, 0.8936985550916247, -0.6090731046051259, -0.9091780823171262, 0.5917221413002354, 0.08256661143437942, 0.6664402885961785, 0.5183501728590124, 0.8409760700680013, -0.6592278057151445, 0.4234177683424, -0.7934446259471424, -0.9153019277304582, -0.948241404720076, -0.7870650669553533, -0.28079688554398524, -0.6957276369105964]
PA15+Urb [0.5835767880047739, 1.0, 0.6566863121615703, 0.5717657151200244, 0.6108058505471295, 0.28486973228820134, -0.15032620156945034, -0.8139118910548653, 0.2051173909139022, -0.0073972246775818006, 0.1383336386552263, 0.6886202156148178, 0.4842096865629218, -0.32555118913438746, -0.057641275102627766, -0.49222653433477714, -0.5358076071182589, -0.5341046890429189, -0.49245584805876685, 0.08696544710247134, -0.5421950565407855]
PA15+Rur [0.3564922198418984, 0.6566863121615703, 1.0, 0.33851822467678067, 0.3226622381355142, 0.3693046427623412, -0.1755617794834072, -0.5350823730946975, -0.06344344876169163, -0.10071585036599114, -0.15196058562063167, 0.6543782273153584, 0.34841555852338457, -0.02604991775210744, -0.622980025815039, 0.04448548931010671, -0.35224240330492423, -0.24429891484560268, -0.47382522855256115, 0.3768982904227133, -0.34497196010448106]
PAO [0.9936003549288791, 0.5717657151200244, 0.33851822467678067, 1.0, 0.9958531927410105, 0.8828891169754914, -0.6432900773023791, -0.8851550032885489, 0.6756531686552882, 0.001951240920081832, 0.718442296276418, 0.442925085704376, 0.8766691391728397, -0.7363437911526864, 0.4493075182467243, -0.8336793804234254, -0.9527822730582677, -0.9764214296536651, -0.8364005722408705, -0.27742397587106915, -0.6352985211078179]
PAOUrb [0.986207595037481, 0.6108058505471295, 0.3226622381355142, 0.9958531927410105, 1.0, 0.8365241102062287, -0.6074516177622192, -0.8903410238610481, 0.6935856071709847, -0.038223016399688746, 0.7268861349623262, 0.43543062090893225, 0.8891659704911535, -0.7643788628306293, 0.4606009894930979, -0.8720481219925653, -0.9578593846718464, -0.9813024518049104, -0.8427933264685277, -0.2507084858725618, -0.609941638024208]
PAORur [0.8936985550916247, 0.28486973228820134, 0.3693046427623412, 0.8828891169754914, 0.8365241102062287, 1.0, -0.7401142262039833, -0.7330523889254216, 0.4918646088110453, 0.20351934655394624, 0.576587110291538, 0.4169854687358505, 0.693508393821789, -0.4937772023332804, 0.3287974804640095, -0.5222786656688797, -0.7962544334493802, -0.8168793746349137, -0.6902684576170859, -0.37420338246714435, -0.6732758338155699]
AgrForPêche [-0.6090731046051259, -0.15032620156945034, -0.1755617794834072, -0.6432900773023791, -0.6074516177622192, -0.7401142262039833, 1.0, 0.5271891196214583, -0.5943045077160142, -0.21580802458079595, -0.39086084182192876, -0.15614351791618225, -0.4035466178442545, 0.5803304948862521, -0.4234029264990252, 0.45194840031452027, 0.6585202893648432, 0.7009856226222423, 0.5300750975320002, 0.6714788821043391, 0.5494437966506749]
Indus [-0.9091780823171262, -0.8139118910548653, -0.5350823730946975, -0.8851550032885489, -0.8903410238610481, -0.7330523889254216, 0.5271891196214583, 1.0, -0.35849105089832045, -0.21781330368984061, -0.3564324782963019, -0.7725457995713124, -0.6675364213309317, 0.4848629418883202, -0.22210224454344868, 0.6722318052482504, 0.782327817581264, 0.8251321208105675, 0.6475260613396794, 0.24038469466494805, 0.8248929126596458]
BatTrav [0.5917221413002354, 0.2051173909139022, -0.06344344876169163, 0.6756531686552882, 0.6935856071709847, 0.4918646088110453, -0.5943045077160142, -0.35849105089832045, 1.0, -0.45930118783181434, 0.8892639071540759, -0.3008051142776224, 0.7652282778894375, -0.9560489610086582, 0.6117533762723288, -0.8245298898431639, -0.8184466679293103, -0.8007175447511831, -0.7843548552583737, -0.24669901940403421, -0.007456575003947029]
comm [0.08256661143437942, -0.0073972246775818006, -0.10071585036599114, 0.001951240920081832, -0.038223016399688746, 0.20351934655394624, -0.21580802458079595, -0.21781330368984061, -0.45930118783181434, 1.0, -0.344113436924843, 0.450146053362247, -0.46594555814804517, 0.49725987927412973, 0.2237818074658077, 0.24365888640163164, 0.26396653749401705, 0.09733171589634321, 0.5048005147517506, -0.6900970555721084, -0.7252205850472396]
TraEntCommu [0.6664402885961785, 0.1383336386552263, -0.15196058562063167, 0.718442296276418, 0.7268861349623262, 0.576587110291538, -0.39086084182192876, -0.3564324782963019, 0.8892639071540759, -0.344113436924843, 1.0, -0.26678578239903517, 0.7947194142390258, -0.807920118775367, 0.6901370863241226, -0.805764640713992, -0.7682266215384376, -0.7729864722698693, -0.7061213198914494, -0.20175438596491233, -0.059076906003313195]
Serv [0.5183501728590124, 0.6886202156148178, 0.6543782273153584, 0.442925085704376, 0.43543062090893225, 0.4169854687358505, -0.15614351791618225, -0.7725457995713124, -0.3008051142776224, 0.450146053362247, -0.26678578239903517, 1.0, 0.19771175330521423, 0.11989928906942268, -0.27513756570943926, -0.11528566664484646, -0.2706771917315742, -0.3031063084435308, -0.18845769168081636, -0.0024550838871073457, -0.7910413971976711]
MalDes [0.8409760700680013, 0.4842096865629218, 0.34841555852338457, 0.8766691391728397, 0.8891659704911535, 0.693508393821789, -0.4035466178442545, -0.6675364213309317, 0.7652282778894375, -0.46594555814804517, 0.7947194142390258, 0.19771175330521423, 1.0, -0.8382984261167598, 0.2624756428201529, -0.8245362680476308, -0.9447654304301768, -0.8837685467566794, -0.9624338420996608, 0.13245323570650433, -0.21127303860303226]
PAC [-0.6592278057151445, -0.32555118913438746, -0.02604991775210744, -0.7363437911526864, -0.7643788628306293, -0.4937772023332804, 0.5803304948862521, 0.4848629418883202, -0.9560489610086582, 0.49725987927412973, -0.807920118775367, 0.11989928906942268, -0.8382984261167598, 1.0, -0.5160569866375233, 0.8968527244142196, 0.8820587307558321, 0.8552726334503448, 0.8563981646844239, 0.14661572390836197, 0.067263329702646]
TFPAC [0.4234177683424, -0.057641275102627766, -0.622980025815039, 0.4493075182467243, 0.4606009894930979, 0.3287974804640095, -0.4234029264990252, -0.22210224454344868, 0.6117533762723288, 0.2237818074658077, 0.6901370863241226, -0.27513756570943926, 0.2624756428201529, -0.5160569866375233, 1.0, -0.6598129773397332, -0.38690424658704503, -0.530275138605384, -0.14658536250114798, -0.7367379828283239, -0.2711085745763898]
ChSansDipUrb [-0.7934446259471424, -0.49222653433477714, 0.04448548931010671, -0.8336793804234254, -0.8720481219925653, -0.5222786656688797, 0.45194840031452027, 0.6722318052482504, -0.8245298898431639, 0.24365888640163164, -0.805764640713992, -0.11528566664484646, -0.8245362680476308, 0.8968527244142196, -0.6598129773397332, 1.0, 0.8648666462079605, 0.9020991639296391, 0.7457085486652982, 0.23992351628516975, 0.3160940809309084]
ChNivMoyUrb [-0.9153019277304582, -0.5358076071182589, -0.35224240330492423, -0.9527822730582677, -0.9578593846718464, -0.7962544334493802, 0.6585202893648432, 0.782327817581264, -0.8184466679293103, 0.26396653749401705, -0.7682266215384376, -0.2706771917315742, -0.9447654304301768, 0.8820587307558321, -0.38690424658704503, 0.8648666462079605, 1.0, 0.9784348720336574, 0.9499724984346282, 0.15041330292257435, 0.41756633262057724]
ChNivSupUrb [-0.948241404720076, -0.5341046890429189, -0.24429891484560268, -0.9764214296536651, -0.9813024518049104, -0.8168793746349137, 0.7009856226222423, 0.8251321208105675, -0.8007175447511831, 0.09733171589634321, -0.7729864722698693, -0.3031063084435308, -0.8837685467566794, 0.8552726334503448, -0.530275138605384, 0.9020991639296391, 0.9784348720336574, 1.0, 0.8651142100965257, 0.32090038927130377, 0.5372569585731702]
ChDipUrb [-0.7870650669553533, -0.49245584805876685, -0.47382522855256115, -0.8364005722408705, -0.8427933264685277, -0.6902684576170859, 0.5300750975320002, 0.6475260613396794, -0.7843548552583737, 0.5048005147517506, -0.7061213198914494, -0.18845769168081636, -0.9624338420996608, 0.8563981646844239, -0.14658536250114798, 0.7457085486652982, 0.9499724984346282, 0.8651142100965257, 1.0, -0.12468016514212353, 0.1909420845882354]
ChSansDipRur [-0.28079688554398524, 0.08696544710247134, 0.3768982904227133, -0.27742397587106915, -0.2507084858725618, -0.37420338246714435, 0.6714788821043391, 0.24038469466494805, -0.24669901940403421, -0.6900970555721084, -0.20175438596491233, -0.0024550838871073457, 0.13245323570650433, 0.14661572390836197, -0.7367379828283239, 0.23992351628516975, 0.15041330292257435, 0.32090038927130377, -0.12468016514212353, 1.0, 0.5814411275062946]
ChDipRur [-0.6957276369105964, -0.5421950565407855, -0.34497196010448106, -0.6352985211078179, -0.609941638024208, -0.6732758338155699, 0.5494437966506749, 0.8248929126596458, -0.007456575003947029, -0.7252205850472396, -0.059076906003313195, -0.7910413971976711, -0.21127303860303226, 0.067263329702646, -0.2711085745763898, 0.3160940809309084, 0.41756633262057724, 0.5372569585731702, 0.1909420845882354, 0.5814411275062946, 1.0]
----------------------------------------------------------------------
----------------------------------------------------------------------
Valeurs et vecteurs propres
Valeur prore0 : 12.100544449121259
Vecteur prore0 : [0.2762896526269812, 0.10225636392610997, 0.014332477889693824, -0.036947102256826514, 0.23341961775282932, -0.015577050580648214, -0.46113513457775596, 0.02452162607728853, -0.030943484519629368, -0.030943484519629368, 0.08884755299898664, 0.08884755299898664, 0.015821960039399334, -0.04629038909599433, -0.04231686116373456, -0.018197470036067007, 0.020971473372734292, -0.0033957824659412625, -0.08946069481835413, 0.0165067224160442, -0.05788165975581853]
Valeur prore1 : 3.946225420739247
Vecteur prore1 : [0.16414213299712688, 0.2301628308446578, -0.21920751951362874, -0.4036578163451439, -0.4340791726065349, 0.4129429982221636, 0.32162080408402277, 0.03311751113202605, 0.07615351219940047, 0.07615351219940047, 0.07144601306435372, 0.07144601306435372, 0.05446274240017303, -0.11616679666591094, 0.02767318157925149, 0.09647661699769124, 0.07567720348546039, 0.014604211525090697, -0.011159978115773028, 0.07652753109066537, -0.020376979529670353]
Valeur prore2 : 3.1281394665191726
Vecteur prore2 : [0.08816350848599068, 0.2823776166120053, -0.37719966879531347, 0.2978937689937666, -0.16212428708121743, 0.42598702367622887, -0.27552116926142534, 0.008209133714013057, -0.031759684390828415, -0.031759684390828415, 0.03575937509364323, 0.03575937509364323, -0.202750188823304, 0.13365529075359098, -0.1508616781694116, 0.01639523900077667, 0.025398317086801816, -0.009857836842346344, -0.05763438943178883, -0.06209451753867377, 1.9767700499587104e-05]
Valeur prore3 : 0.9815825009617075
Vecteur prore3 : [0.2833323010909296, 0.057084480178708735, 0.0067471391319427945, -0.010885035728108474, 0.1598840222119635, -0.00512838006625112, 0.1932679361557407, 0.17883945695066922, 0.12106859157426254, 0.12106859157426254, 0.22746114503093717, 0.22746114503093717, 0.06102520364680386, 0.4808422721472284, -0.36808848817586287, 0.43171077998211826, 0.17367072749243206, -0.004425265375452468, 0.31617102402367014, 0.15045563080141766, 0.22182971875814875]
Valeur prore4 : 0.6054857961861179
Vecteur prore4 : [0.28431300323778547, 0.043039363315932576, -0.00798648031090682, -0.08361201630825492, 0.10990134542148891, -0.027582008588336447, 0.30946267242591596, -0.17698869755441937, -0.004935813565252287, -0.004935813565252287, 0.1399341615646095, 0.1399341615646095, -0.10241629626276587, -0.3706506345065405, -0.21228682846388652, 0.17800105348579012, 0.12581136680564983, -0.22581344058725994, 0.1895560571288546, 0.12684405683248803, -0.18232157147188505]
Valeur prore5 : 0.23802236647250422
Vecteur prore5 : [0.23913508200257425, 0.11868907285773292, 0.08120578569980036, 0.3688505057438802, 0.39893234929178206, 0.08929795307958006, 0.11860825920769101, 0.1006437973681919, 0.05609236134831855, 0.05609236134831855, 0.09056086601599406, 0.09056086601599406, -0.28784706626286216, -0.020429477097494972, -0.00305278367439001, -0.037316768796211264, -0.29265526994043844, 0.10372443907365973, 0.1108874896502214, 0.0007125529462889195, 0.06846685777295805]
Valeur prore6 : 9.689040091039484e-16
Vecteur prore6 : [-0.19592218018087088, -0.043117633864121575, -0.21920371978744227, -0.535410988912388, 0.3847845868913157, 0.16948264043542996, -0.3052602644425765, -0.031106295086253493, 0.006149047929891955, 0.006149047929891955, -0.03220550196448934, -0.03220550196448934, -0.41699683448734826, 0.0729661626232871, 0.13239180585910099, 0.10569081499637872, -0.07351241374947695, 0.049440992950989075, 0.29523218123759154, 0.057071769191833537, -0.14068845109411227]
Valeur prore7 : 4.865510986547033e-16
Vecteur prore7 : [0.25772316697681485, -0.10998284293528442, -0.19334422780264834, -0.012320206760473447, 0.2243459505285092, -0.0639254568435361, 0.18156578288168856, -0.10946372117170063, 0.17244618864368555, 0.17244618864368555, -0.17273127070730745, -0.17273127070730745, 0.05523556680554551, -0.15893285463027834, 0.27727612623126785, -0.24004838845961338, 0.5919190678002002, -0.07400223896194072, -0.17837239484550374, -0.09910001089000264, -0.5443173284480057]
Valeur prore8 : 4.1494153294999295e-16
Vecteur prore8 : [-0.2391427111677327, 0.24482847454919074, 0.03543495794616314, -0.0024275135739378066, 0.28873401701328094, 0.2674620214554137, -0.012976733946830429, -0.13842198994223498, 0.11465770221252816, 0.11465770221252816, -0.18831383248040287, -0.18831383248040287, -0.09313771889234196, 0.19892879577436218, 0.06302352271476452, -0.028276599966601125, 0.15505557967979866, -0.5959428769637404, 0.028459251503521736, 0.46706790572117995, 0.2362341236975291]
Valeur prore9 : 3.037176896981691e-16
Vecteur prore9 : [-0.1587334153438185, -0.3795938356742399, -0.19917694050997897, 0.04742499313987304, -0.0092267770230834, -0.02395009578481411, -0.08736382519834221, 0.0893111946203185, -0.10287948639333987, -0.10287948639333987, 0.05211687394101685, 0.05211687394101685, -0.32745574074077527, 0.11742211060675659, -0.4216392318117818, 0.17005667935602375, 0.04856109297807841, 0.01607604432105723, -0.08116836914087253, 0.4388420987978728, -0.0016057089084499094]
Valeur prore10 : 2.1775554853558637e-16
Vecteur prore10 : [-0.2824661724958023, 0.049545998982833975, 0.07486870677652037, -0.07730044857272711, 0.0223466023660054, 0.06929884863572955, 0.052637307492486816, 0.7457092736816878, -0.362754644699592, -0.362754644699592, 0.041743289160581704, 0.041743289160581704, 0.17832497767149968, -0.2192182140194123, -0.16052516735236913, -0.45305660631905564, 0.0869446453665173, 0.023359209271805705, -0.026889917094070993, -0.22384110633779875, -0.2834606127986561]
Valeur prore11 : 9.974219237695782e-17
Vecteur prore11 : [-0.2866424326813849, 0.020045031791469808, -0.0273179023195351, 0.005920049072929448, 0.026268087378866576, 0.07669389860375518, -0.07050271840053886, -0.10674824149788442, 0.37265002045741363, 0.37265002045741363, 0.03923499003961542, 0.03923499003961542, 0.08960571878272515, -0.16693492173875848, 0.04488575088627166, -0.02889907121489488, -0.01665967963145897, 0.4913817177862696, 0.009405656966516157, -0.3950673279066243, 0.06745879478602011]
Valeur prore12 : 1.4363955632250735e-17
Vecteur prore12 : [-0.08095352325819025, -0.07221670395675203, -0.5189347639222828, -0.10181523665235344, 0.26968622188245644, -0.12159221445923418, 0.11267135831527143, 0.19619934687037122, -0.11903236883440557, -0.11903236883440557, -0.13715750848364178, -0.13715750848364178, 0.23579799928149142, -0.041277155241337606, -0.09870220122815312, 0.16418595352655635, -0.33622683957575583, -0.0844160180614776, -0.21523212449784904, -0.08015211162238202, 0.14199119470569277]
Valeur prore13 : -3.3328243155826884e-17
Vecteur prore13 : [-0.25266091782467043, 0.0975348412911947, 0.2237097686416378, -0.1822798927660382, 0.013094049607487553, 0.05505679355471357, 0.2609248302786382, -0.4444224586124419, 0.14724484204743876, 0.14724484204743876, 0.3634982861449283, 0.3634982861449283, 0.14820790048516358, 0.07024995168341265, -0.4029481478392635, 0.09804117435984791, -0.11505314649776378, -0.04613030475036891, 0.16697502547679052, -0.015230564958024868, -0.11808705347368656]
Valeur prore14 : -1.8604477092300585e-16
Vecteur prore14 : [0.21871782854823899, -0.2737010566166613, 0.06613801251355807, -0.0730469706421866, 0.29577105495710965, 0.474676301542499, 0.19382099737542044, -0.06582243687767175, -0.11908984855236682, -0.11908984855236682, 0.11909313553653111, 0.11909313553653111, 0.5765475287508065, -0.2110973951115347, -0.07555093363329753, -0.2867890022796013, -0.18353048691813928, 0.3510724646452369, -0.1266235975164334, -0.2852859885097221, 0.09504320403221168]
Valeur prore15 : -1.8604477092300585e-16
Vecteur prore15 : [0.09849913776537743, 0.44651537454527135, -0.11558384604389536, -0.14567623434781457, 0.05243667799929858, -0.36396330312716585, -0.011575102348945227, 0.02683225755467688, -0.20090834055205467, -0.20090834055205467, 0.08864728519688753, 0.08864728519688753, 0.1668162221979639, -0.15898793352864285, -0.44052394639754017, 0.0398715383366942, -0.05654076925592285, 0.3029796982254994, 0.3132091897349645, -0.22292381189502797, -0.022437699673779878]
Valeur prore16 : -2.1449909191865256e-16
Vecteur prore16 : [-0.253633635990468, 0.1383919960138944, -0.03534165236607144, 0.3492898723713684, 0.09834932482184491, 0.2630662807711982, 0.04210157520631599, -0.015492056831099209, -0.23712331362601669, -0.23712331362601669, 0.01441997187726378, 0.01441997187726378, 0.06375355213442886, 0.10094264313594463, -0.11613203284774688, 0.12116771614905894, 0.29168829489124903, 0.23794493976035422, 0.017149028402744924, -0.23369856052171215, -0.029906872084345306]
Valeur prore17 : -3.152245122025006e-16
Vecteur prore17 : [0.1387362648055349, -0.1811648582678689, 0.42008070720907936, -0.28727286102485466, 0.027773527905334508, 0.13100643922951238, -0.19469366929226917, 0.17369904967473765, -0.15632231822813847, -0.15632231822813847, -0.09932797087065814, -0.09932797087065814, -0.25112182578178543, 0.32036805708065974, -0.17349134564893087, 0.10347172784178729, 0.22440519484304272, 0.07345880800660452, -0.2416971614722251, -0.22895784640430794, 0.3161889851868707]
Valeur prore18 : -4.551004636721784e-16
Vecteur prore18 : [0.2233560941412126, -0.29367633348341904, 0.03571179208276491, 0.07914434620370758, -0.2440120256146522, 0.2028455762113173, -0.27303654564733476, 0.09407522607369825, -0.060298286500960994, -0.060298286500960994, -0.18489546989260203, -0.18489546989260203, -0.09391262219861711, -0.1530618789755467, -0.18287212132203115, 0.1336470835023564, -0.3374291973032073, -0.15601587912140572, 0.5125089655554764, 0.08119821463065119, -0.2821436608712172]
Valeur prore19 : -4.551004636721784e-16
Vecteur prore19 : [-0.028457368087534435, 0.35648808540413945, 0.3905030254399509, -0.027189625871685875, 0.11181267131238957, 0.11926955091339923, -0.05651195207562511, 0.17856401937144017, -0.019819774979329605, -0.019819774979329605, -0.2911100211700991, -0.2911100211700991, -0.047537847642163546, -0.3034649354025417, 0.09161065419013474, 0.250664450397599, -0.19384752625490648, -0.028413522514303593, -0.13930680962147313, 0.2588449730192199, -0.40045048704710706]
Valeur prore20 : -6.024274343740024e-16
Vecteur prore20 : [-0.24352107073824725, -0.24993979442327152, 0.03860613863319865, 0.16440908427739048, 0.07325145603739348, 0.0778700349876137, 0.28848737976126004, -0.0709053170204123, 0.11255404356682944, 0.11255404356682944, 0.18241828690222833, 0.18241828690222833, 0.0996565341566566, -0.36441709541748607, -0.18131885578545381, 0.48943246757873593, 0.146629726005747, -0.14530760689351044, 0.4290079879630282, 0.05406137233581844, -0.2604507898346562]
----------------------------------------------------------------------
----------------------------------------------------------------------
Coordonnées des individus
-------- Axe 1  --------  Axe 2  --------  Axe 3  --------  Axe 4  --------  Axe 5  --------  Axe 6  --------  Axe 7  --------  Axe 8  --------  Axe 9  --------  Axe 10  --------  Axe 11  --------  Axe 12  --------  Axe 13  --------  Axe 14  --------  Axe 15  --------  Axe 16  --------  Axe 17  --------  Axe 18  --------  Axe 19  --------  Axe 20  --------  Axe 21  -------- 
2002-08 [-2.062661518229129, 0.7794593788875397, -0.7045046557519814, 2.0186449077617366, -0.8634761695610401, -2.0611676125589438, 2.2279397744909417, -0.8802270239860324, -1.125894310258649, 2.3849189947877956, 0.31015969346812894, 0.33794552637317515, -0.25005554269792446, -0.7674586512845474, -3.7921580571519864, 1.100066639177931, 0.7938041267005244, 2.291995930642086, 0.4727602845567217, -1.3159676984892392, 0.7600262251912852]
2008 [-1.028893883717529, 0.6002881323900058, -0.9303959406314966, 1.379596758467348, 0.2320274960388051, -0.4218797726128886, -0.8463312559136522, -1.24673720921137, 0.36234516173669606, 1.4141484775181095, 0.5441649405690223, -1.2338571908466707, 0.6514515601920401, 0.19759829887616553, -0.057665875615087514, 0.4846496283583264, 0.15601595794274303, 0.463852915151225, -0.7705124002718767, -0.2725332788332897, 0.1754331374484715]
2009 [0.1562251211729538, -0.31055295342725525, -0.34046325296663915, -0.5841070972417192, -0.05271075400643578, -0.3003734732864329, -0.5263718089872232, -0.7751622351703908, 0.204179534193013, 0.5730968914868239, 0.5440933052259576, -0.5042335462982948, 0.629672476975091, -0.2632002447295107, 0.2849688595477951, 0.2978575093181663, -0.2990396408823734, 0.17387210899404948, -0.03178232292443625, 0.3439189676502024, -0.4133368580193625]
2010 [0.6851573024448079, -0.4023828648725985, 0.24653920463906073, -0.6620349234474727, -0.3747838831436687, 0.21417350106117244, -0.3096627845647882, -0.45849166052102797, 0.19972664725557143, -0.422309689663567, 6.272541024318623e-05, 0.3281032695828089, -0.019122683764741154, -0.19312206769948362, 0.6592870230587352, -0.5467960388282239, -0.1953343497834565, 0.45099121914342055, 0.32417684635223504, 0.8074058334157543, -0.31800570580610843]
2011 [0.44363779476859105, -0.1620403740476835, 0.5774842176272803, -1.6700615191328263, -0.4703011698183258, 0.46506852931481335, 0.4180420993468856, 1.7880463683465389, -0.4003490037506332, -1.3385663091158198, -0.11809816683112671, 1.0321465819574316, 0.8340320588275077, -1.4715800050605006, 1.3233060180144915, -1.4850193048428606, -0.5945252858948108, -1.4491009189101685, 0.2371909620436991, -1.131990115977753, -0.29301527529869253]
2012 [0.6403900006855523, -0.19446054906233903, 0.16278270930208152, -0.9025136718089193, 0.7031922255346361, 0.9417599452340683, -0.6218919869758303, 1.0332656092305144, 0.4459050816038058, -1.8556737982536415, -0.3358481855297382, 0.1629761091243458, -0.5088118434773579, 0.8006942623237189, 0.4077473389966338, 0.49918451951856985, -0.30190839377984335, -1.6574922595361539, -0.8672195767748032, 0.6005685767315992, -0.4371680895758714]
2013 [1.1661451828747402, -0.31031076986766903, 0.9885577177816952, 0.42047554540186527, 0.8260522549560212, 1.1624188828481963, -0.3417240373963403, 0.5393061513117559, 0.3140868892202071, -0.7556145667596859, -0.9445343123125101, -0.12308074989279641, -1.3371660260546028, 1.6970684075741649, 1.1745146931494013, -0.34994295270190207, 0.4409875856972169, -0.2741189954844662, 0.6353862070184441, 0.9685977155026975, 0.5260665660602727]
----------------------------------------------------------------------
----------------------------------------------------------------------
Pourcentage d'inertie des valeurs propres et pourcentage d'inertie cumulé
Valeurs Propres: [12.100544449121259, 3.946225420739247, 3.1281394665191726, 0.9815825009617075, 0.6054857961861179, 0.23802236647250422, 9.689040091039484e-16, 4.865510986547033e-16, 4.1494153294999295e-16, 3.037176896981691e-16, 2.1775554853558637e-16, 9.974219237695782e-17, 1.4363955632250735e-17, -3.3328243155826884e-17, -1.8604477092300585e-16, -1.8604477092300585e-16, -2.1449909191865256e-16, -3.152245122025006e-16, -4.551004636721784e-16, -4.551004636721784e-16, -6.024274343740024e-16]
% inertie: [0.5762164023391075, 0.18791549622567844, 0.1489590222151987, 0.046742023855319406, 0.028832656961243708, 0.011334398403452581, 4.6138286147807066e-17, 2.3169099935938252e-17, 1.975912061666633e-17, 1.4462747128484243e-17, 1.0369311835027922e-17, 4.749628208426563e-18, 6.83997887250035e-19, -1.5870591978965182e-18, -8.859274805857421e-18, -8.859274805857421e-18, -1.0214242472316789e-17, -1.5010691057261934e-17, -2.1671450651056116e-17, -2.1671450651056116e-17, -2.86870206844763e-17]
% inertie cumulé: [0.5762164023391075, 0.764131898564786, 0.9130909207799847, 0.9598329446353041, 0.9886656015965478, 1.0000000000000004, 1.0000000000000004, 1.0000000000000004, 1.0000000000000004, 1.0000000000000004, 1.0000000000000004, 1.0000000000000004, 1.0000000000000004, 1.0000000000000004, 1.0000000000000004, 1.0000000000000004, 1.0000000000000004, 1.0000000000000004, 1.0000000000000004, 1.0000000000000004, 1.0000000000000004]
----------------------------------------------------------------------
----------------------------------------------------------------------
contributions des individus
-------- Axe 1  --------  Axe 2  --------  Axe 3  --------  Axe 4  --------  Axe 5  --------  Axe 6  --------  Axe 7  --------  Axe 8  --------  Axe 9  --------  Axe 10  --------  Axe 11  --------  Axe 12  --------  Axe 13  --------  Axe 14  --------  Axe 15  --------  Axe 16  --------  Axe 17  --------  Axe 18  --------  Axe 19  --------  Axe 20  --------  Axe 21  -------- 
2002-08 [54.729282303158314, 43.81559253963814, 17.258181780916722, 38.668439199337755, 31.853419365467197, 60.54536311782397, 73.74153257797829, 10.06776775595148, 65.40037553873562, 40.62544996859741, 5.634774931948553, 3.677517862180805, 1.7242943340894732, 9.172472799905112, 79.02857215369139, 27.44305421911173, 44.33986380277098, 49.44535846252741, 10.46683723025878, 33.584261957303525, 40.278586405564646]
2008 [13.617738541440374, 25.98730419339585, 30.099752034771143, 18.060971700424425, 2.3000339860205057, 2.5364813609692267, 10.6410877837483, 20.19731485482567, 6.7737618958260235, 14.283707222935643, 17.344707149707826, 49.02201745648711, 11.703147729647704, 0.6080549989080607, 0.018274649505746945, 5.326601695243884, 1.7127962134790096, 2.025155733846469, 27.803070736899667, 1.4404043776746116, 2.1460524145887434]
2009 [0.31395366757043586, 6.955254769680516, 4.030582293732575, 3.2375892398342354, 0.1187008432198174, 1.2858118433052526, 4.116143517666447, 7.807805853710612, 2.1508464682360717, 2.345886655597193, 17.34014084206187, 8.187001284638667, 10.933717572316056, 1.078820121088352, 0.44627862179445765, 2.011923957385879, 6.292528266655117, 0.284549409837146, 0.047304752189558194, 2.2938108734938947, 11.913114936060282]
2010 [6.038713174378392, 11.67671477326854, 2.113485561422583, 4.159092517578022, 6.000910643908259, 0.6537109217917735, 1.4245683627666677, 2.7315344019253165, 2.0580551891786065, 1.273834513438683, 2.304585776128237e-07, 3.4664305515764036, 0.010084076143321902, 0.5808182656348164, 2.388692959442915, 6.780241678200248, 2.6848800790189764, 1.9144058718421324, 4.921499959316295, 12.64238802683198, 7.051587330991932]
2011 [2.5317504514654012, 1.8935997566621083, 11.595982290288012, 26.466817345934647, 9.449470308486802, 3.0823941609958396, 2.596242803565254, 41.543333966419645, 8.269180989268968, 12.797663860281713, 0.8169437771552185, 34.30395111071075, 19.182443123904356, 33.72439884655864, 9.623473386736514, 50.01020717397427, 24.871862664920453, 19.764922190869854, 2.634691515780708, 24.85024185019559, 5.986839105280318]
2012 [5.27536974793157, 2.7271230266187567, 0.9213907521895791, 7.7293746906334695, 21.12532834741651, 12.639639839592295, 5.745597352593068, 13.872915552016568, 10.258168692022654, 24.59541701656666, 6.606810782125443, 0.8552818932716748, 7.139254329142282, 9.984122322227819, 0.9136787943900557, 5.650887644101876, 6.4138385761866274, 25.858353197217532, 35.220186070611284, 6.994723640280505, 13.326434578819812]
2013 [17.493192114055503, 6.944410940736106, 33.98062528667937, 1.6777153062574404, 29.152136505480907, 19.256598755521633, 1.7348276016819657, 3.779327615150713, 5.089611226732071, 4.078040762582705, 52.25662228654251, 0.4877998411345916, 49.307058834756816, 44.8513126456772, 7.581029434438934, 2.7770836319820984, 13.684230396968838, 0.7072551338594371, 18.906409734943715, 18.194169274219895, 19.297385228694267]
----------------------------------------------------------------------
----------------------------------------------------------------------
Qualités de représentation des individus
2002-08 [8.18341283986653, 1.168598979581017, 0.9546545869190679, 7.837876023208637, 1.4340993572834466, 8.171563275990858, 9.547406683370598, 1.490280174971947, 2.4382249858317295, 10.940213406111624, 0.18503302381766357, 0.21967059789006843, 0.12026839065186667, 1.1328919759195373, 27.659949919438315, 2.327643781201295, 1.2120072932598418, 10.104299556348181, 0.4298931245553929, 3.330956699557287, 1.1110553242251082]
2008 [8.620805997049134, 2.934446633274486, 7.04924028486935, 15.499262413577961, 0.43841520447577464, 1.449386150818341, 5.832939353214829, 12.657750861008891, 1.069181988858283, 16.285335921994832, 2.4113920012500643, 12.3975678460552, 3.455977909124629, 0.31796045044340526, 0.027079739512833753, 1.9127687541942564, 0.19821875532830513, 1.7521338556408976, 4.834660312768461, 0.6048473512922385, 0.25062821524782264]
2009 [0.6943877307624807, 2.743921141764525, 3.2979250909748687, 9.707005253034657, 0.07904943234049955, 2.5669857103159597, 7.882891363931209, 17.09564578763412, 1.1861093123419935, 9.34450721933542, 8.422617194857322, 7.233754565115145, 11.280535577902295, 1.9709376047666423, 2.3104421926224, 2.5241630526569034, 2.5442385178339357, 0.8601221704608303, 0.02873899456328253, 3.365212978679504, 4.860809108105995]
2010 [12.289890004287303, 4.238833627809374, 1.591253586159498, 11.4743796158475, 3.6773014036729634, 1.200877993889134, 2.510414552504504, 5.503390067948651, 1.0443340488206967, 4.669060556521147, 1.0300408180782843e-07, 2.8183085012977056, 0.009573375648102936, 0.9764077538003629, 11.37932416013584, 7.8274109187152066, 0.998906080407453, 5.324803511362727, 2.7512585194601633, 17.066763875211922, 2.6475077434956593]
2011 [0.9425633824179115, 0.12574767450342142, 1.5971059495485298, 13.357292207521738, 1.0592673989194836, 1.0358273947933767, 0.8369384652659958, 15.311263903385441, 0.767592976801819, 8.580908439478861, 0.06679436122722514, 5.101950557612628, 3.3313401362031057, 10.371014578142564, 8.386370851121756, 10.561307485292296, 1.6927551706369863, 10.056590168567395, 0.2694323638483255, 6.136754614027759, 0.4111819206833755]
2012 [3.0686469257830487, 0.2829572677181049, 0.19827793299035135, 6.0948836163823685, 3.7000360799450953, 6.636487309008469, 2.893928253842745, 7.988804390944766, 1.4877935830268303, 25.766836942809572, 0.8440027282651512, 0.1987493552547574, 1.937190191028337, 4.797238061498308, 1.2440565118577318, 1.8645758519164466, 0.6820374361067413, 20.5570530088452, 5.627506226530937, 2.6988767252680743, 1.4300616009769729]
2013 [9.259429705963107, 0.6556509447490197, 6.65400397321634, 1.2038170190789437, 4.646158656145425, 9.200349091360232, 0.7951151919121322, 1.980385516681209, 0.6717050450741531, 3.887582666871466, 6.074555051797015, 0.10314763172106609, 12.174458715228173, 19.610004408183173, 9.392817887243348, 0.8338222842339754, 1.3241333418262793, 0.5116314787256709, 2.748872265975295, 6.3880142251501875, 1.884344898863781]
----------------------------------------------------------------------
----------------------------------------------------------------------
Coordonnées des Variables
-------- Axe 1  --------  Axe 2  --------  Axe 3  --------  Axe 4  --------  Axe 5  --------  Axe 6  --------  Axe 7  --------  Axe 8  --------  Axe 9  --------  Axe 10  --------  Axe 11  --------  Axe 12  --------  Axe 13  --------  Axe 14  --------  Axe 15  --------  Axe 16  --------  Axe 17  --------  Axe 18  --------  Axe 19  --------  Axe 20  --------  Axe 21  -------- 
PA15+ [0.9940270297648329, -0.3539017425846502, 0.5299691794906164, -0.8321015178694495, 0.41023423244945034, 0.9925613810609428, -0.676769344872945, 0.711452670908032, 0.37061504475469775, -1.2544205864859668, -0.35939755732230416, 0.08663702449353325, -0.20736431353210116, 0.4740917825429507, 1.496806384946337, -0.5251395737124719, -0.23860565628191674, -1.039081374908593, -0.029615390420536486, 0.5423553670063344, -0.19877689108870505]
PA15+Urb [0.6082116591878555, -0.20750527010001066, 0.21037263238927462, -0.31759388613017603, 0.49288256310672846, 0.6733655561131979, -0.6149184210469548, 0.25566468903602957, 0.39542246161754513, -0.836953540357758, -0.2506176377293458, -0.14000312090824563, -0.4021866473270551, 0.7592822912218481, 0.6611137683094381, 0.13194182623140704, -0.07765603145280806, -0.6580831395188527, -0.26534478746634504, 0.6759384725536708, -0.14819888417324775]
PA15+Rur [0.44888024624821654, -0.16455283000295534, 0.1306222525948849, 0.18356236133242876, 0.37596976060114073, 0.3949112480419723, -0.5398104934056467, -0.3329889910161199, 0.35886206856984876, -0.1537159607394308, -0.17687092519644326, -0.33398600776027343, -0.4478341085756524, 0.8238646085951179, 0.4302101092964826, 0.17082352963214287, 0.10987265246435163, 0.06666683059005697, -0.006741522043650375, 0.779102896028445, 0.02591956994542173]
PAO [1.0112132223349093, -0.3725284389059904, 0.5171211931768697, -0.9102979723438264, 0.38471440591644984, 0.9892755405656939, -0.7049888971033536, 0.6996669693953357, 0.37993829701643544, -1.2766817652898772, -0.32974813034516126, 0.0958061355156567, -0.15337837309114133, 0.41695275535029747, 1.5377617747197598, -0.545933902788556, -0.27504811514732536, -1.0582692545344665, -0.043201975929978154, 0.5495043499961068, -0.24036726329340066]
PAOUrb [1.0000690369514331, -0.3691323289024001, 0.4926550097143626, -0.9324788983301917, 0.39665336811874397, 0.9898040464246077, -0.7303513595705398, 0.7030884212468907, 0.39249636602480753, -1.2943441520800265, -0.31319208079562355, 0.08164281216249554, -0.13301129307780463, 0.41397567701926963, 1.5320711040399115, -0.5153834078980013, -0.29131807217266364, -1.0983929013132092, -0.08659941958427159, 0.5478047930925629, -0.26185128340498476]
PAORur [0.9285232135688304, -0.33918466696443167, 0.5707122290151952, -0.6731505065295511, 0.26819488112283285, 0.8479486418906543, -0.4778344037064754, 0.5837599775854814, 0.2622113437424322, -1.00534939717742, -0.36669667497431213, 0.15410712053914147, -0.23136591578789917, 0.36954464415482785, 1.3583839273168812, -0.630530592908339, -0.1549242790362618, -0.7049915984214823, 0.18767309723268627, 0.4795955576880489, -0.09754288031731895]
AgrForPêche [-0.8446689617366377, 0.39678183820680646, -0.535129725194442, 0.9035392653138061, -0.020590238248375636, -0.5811649286314201, 0.14662163934902242, -0.5715577690807256, -0.08854606186952066, 0.9457700622085963, 0.27047143430484216, -0.40513887847149294, 0.1569006362571574, -0.02180436402019314, -0.9312409107690176, 0.5653622156365201, 0.210286859336089, 0.5164205953963139, -0.29793081836875024, -0.3806538099082075, 0.1929418327765617]
Indus [-0.9307936884446947, 0.33156383245135335, -0.49469043055411116, 0.637995675392461, -0.4914533468294857, -0.9330800587229523, 0.6058908388390719, -0.6246365715149281, -0.36976694892106565, 1.173697243525724, 0.39755488356510693, -0.039870375573380745, 0.4089135385325671, -0.692644166938664, -1.176877957944077, 0.26704743897072947, 0.14278756871672563, 0.9198519105415064, 0.05384002142201735, -0.6479493033303748, 0.14354342659710945]
BatTrav [0.7112026784692941, -0.3257280259983842, 0.25593532445571743, -1.1192147885666124, 0.04153106784531456, 0.6045484824948172, -0.5644658101206578, 0.48595807701522403, 0.2565374783832738, -1.0085404427337301, -0.024599380068655623, 0.19013548592593285, 0.30074570799709716, -0.20923585390234323, 1.2437920672528655, -0.5526231980170827, -0.4285438563368213, -0.8703337481741145, -0.12562318328793515, 0.2698155453546617, -0.4168099846625567]
comm [0.04165014436087494, 0.030192672751670233, 0.3316007108503118, 0.19783250318152742, 0.008802295646949496, 0.05960819875292728, 0.5805693602555433, 0.5004741143057614, -0.25357629411893545, -0.21559032371993933, -0.35034883157511454, 0.38780139810226344, -0.5008495678252287, 0.17005472587722056, -0.3913178034751012, -0.06533665822125995, 0.21546124937140904, 0.04042946615470719, 0.31633489096962264, -0.15229491066149936, 0.26834584985127574]
TraEntCommu [0.6352211895768238, -0.23378987911739266, 0.2654932466702133, -0.9439570311862511, 0.09995470896763932, 0.6625281786359923, -0.5778858804505704, 0.5763576635734533, 0.2550938688012101, -0.9940110677369858, -0.07647701365924102, 0.14337661553994657, 0.291906299850744, -0.15523759973942475, 1.3228176164480772, -0.6217451161953688, -0.37990260733715336, -0.9434686108609489, -0.16265507916871833, 0.14503721461170888, -0.32350565120222174]
Serv [0.4846471114882531, -0.13629586196263585, 0.3131239108293513, 0.10989261483959417, 0.4771582980979211, 0.5301466044010561, -0.2865014834069515, 0.22212592525001365, 0.22865026476656575, -0.4563051249632611, -0.3621954927325392, -0.13863189690727643, -0.6022156490601122, 0.8660131625982852, 0.38784000011836595, 0.11878037413141695, 0.1410998332302071, -0.30087822567936495, 0.03869832417541588, 0.530702959414374, 0.12327262258994337]
MalDes [0.8420780386226373, -0.3182129589168625, 0.2876128213345789, -0.8241083326473108, 0.352512670079579, 0.8414681541866696, -0.9095526041923718, 0.3593511777623908, 0.45964442740608424, -0.9736391025169111, -0.12662216462916076, -0.137965683411759, 0.10208474782744206, 0.3133136823886186, 1.5481420440010614, -0.44910032484071705, -0.3240691776886486, -0.9357034204347628, -0.1930035779694918, 0.5372415632138946, -0.31027940714204544]
PAC [-0.7785079533512188, 0.35626860014112766, -0.260249171178803, 1.1335961628802138, -0.13938015923143543, -0.670213493406882, 0.6706314200129285, -0.4765853426414278, -0.31670678643538125, 1.0346484522730437, 0.03313365075597264, -0.1006875913886712, -0.2672976716761071, 0.07806061801299098, -1.3283498105625733, 0.4846540269291705, 0.4318926209786447, 0.9481722831802255, 0.1582211757711755, -0.35829485047846127, 0.42871518338243686]
TFPAC [0.39683377750603044, -0.1509691804363268, 0.32413383973362914, -0.9136984754729052, -0.07698813517187872, 0.41398242381127204, 0.047003300365448086, 0.9216634403309092, -0.06544047177574573, -0.977922216885558, -0.14641466506462553, 0.5065670576919916, 0.18712157344601643, -0.42487862447873986, 0.6709048882715287, -0.5605110443073823, -0.3038461159131047, -0.8740935188939434, -0.015174299440232769, -0.2517770363926636, -0.21801247289424036]
ChSansDipUrb [-0.8001265578116101, 0.3150334556728166, -0.3304859958211404, 1.0911658694336357, -0.2746335894724962, -0.8126320908490069, 0.6544448490965049, -0.7382913853831088, -0.32091258840486486, 1.2415840447721405, 0.15130092978622223, -0.12746381884871386, -0.13573835179306015, -0.07982957308154669, -1.3544861812962699, 0.4583908285425912, 0.4002099785557931, 1.19314827551122, 0.22933160146629472, -0.3029082474374982, 0.3720345458824416]
ChNivMoyUrb [-0.9925010083465566, 0.39765903770821787, -0.4277524602830252, 0.9999698813483965, -0.3276466848219963, -0.9183782798928517, 0.7946188811955393, -0.542744519885073, -0.4142516026905741, 1.1924718120991045, 0.21917252599482206, -0.040408433635597, 0.012222108316510293, -0.30818047432170337, -1.5633112938255804, 0.5239923410538756, 0.33776769439554405, 1.0031685051204335, 0.08770728732783939, -0.5864531536782325, 0.3262158475192764]
ChNivSupUrb [-1.0108403374434192, 0.3975584129198511, -0.4910296138893833, 1.058673533290109, -0.3198558682999317, -0.95008408534642, 0.6915191150599217, -0.7145045759275714, -0.3627109015318501, 1.313112820203464, 0.27485208126805805, -0.1474267720959703, 0.05612795419849968, -0.2768976295898642, -1.5341344015977334, 0.5655897468065818, 0.33876211018902586, 1.0941037823085913, 0.06171864953924444, -0.5151579587579311, 0.31184233378102744]
ChDipUrb [-0.8768877579216228, 0.36239053955160105, -0.2904843156427287, 0.8343774243336676, -0.31111367294092257, -0.7924102179325433, 0.8883935624995647, -0.24062654120889393, -0.4584227996692338, 0.9127263146934018, 0.11128186103474921, 0.1263669437455745, -0.06624271492450443, -0.3207381813384178, -1.4796530594668122, 0.4170559961176613, 0.31326287319409574, 0.7918382646088061, 0.1285526401570625, -0.6377918872278642, 0.32549098699251905]
ChSansDipRur [-0.3804417483804897, 0.1706672661657268, -0.4507710466102024, 0.6237653630943436, 0.14302177100124594, -0.2610469619743218, -0.4277902845090079, -0.8203023060268515, 0.21562777269288566, 0.7689230725509262, 0.2839720616350603, -0.6495499017458218, 0.17820729399462232, 0.26013443569996864, -0.1871498100454031, 0.4464619134198551, 0.0985523620907557, 0.4137747492264768, -0.2936204616756972, 0.1510025974104046, 0.03739928759898947]
ChDipRur [-0.7061905266744815, 0.23241597530444488, -0.5571039568269833, 0.3496136732314089, -0.3356739368100228, -0.6943629942654427, 0.09139508307264824, -0.710986764822313, -0.11362039631758114, 0.9454417888261376, 0.48499689570515114, -0.26149372730232845, 0.578716345879136, -0.5779035506020236, -0.631169995634608, 0.2554862292053282, -0.02333363834831492, 0.5938622119401362, -0.17797981547341235, -0.38990952050349226, -0.053102477458201125]
----------------------------------------------------------------------
----------------------------------------------------------------------
Contribution des Variables
PA15+ [7.778883715129527, 6.543833764538275, 8.165088025219438, 5.048624041284068, 8.106960611789237, 8.579705504503831, 5.991562309748277, 6.85465293009422, 6.320265297096758, 7.4483728161991865, 8.230194946679623, 0.5353948955128328, 2.1600172760799023, 5.280914970099823, 7.6888458687480234, 6.297949489600632, 3.5588434369207604, 7.441145640893154, 0.143217059578692, 5.98279761306758, 2.8197618727200635]
PA15+Urb [2.912261532336831, 2.249702642329613, 1.2865839403497246, 0.735469503764389, 11.702568070377913, 3.94874809508537, 4.946451210478467, 0.8851868256575922, 7.19468673535568, 3.3157193416138218, 4.002055844205752, 1.3981140616923302, 8.12539502154983, 13.545369645782898, 1.499969072821876, 0.39757096553788374, 0.37696219565670225, 2.9847104918437024, 11.496905176581317, 9.292889206290717, 1.567366332314948]
PA15+Rur [1.586287417124447, 1.4147430450990448, 0.496014053357824, 0.24569010967255817, 6.809262852502572, 1.3581778437860603, 3.8118988519984622, 1.5015963117503128, 5.925763718624896, 0.11184407670456725, 1.9933004986585512, 7.956530188730464, 10.074500522102596, 15.947624937219803, 0.6351716764862508, 0.6664154561048188, 0.7546170811472176, 0.030630938385404587, 0.007421227514656555, 12.345994089624687, 0.04794421687361928]
PAO [8.050194450785456, 7.2507965775774466, 7.773996076551461, 6.042095054264055, 7.129698514139387, 8.522993887972246, 6.501645374969966, 6.629429941887458, 6.642252207157302, 7.7150789024211655, 6.928266166660229, 0.6547172974260236, 1.1817277708375784, 4.084679780768786, 8.115364356855022, 6.806593407702286, 4.72895040817031, 7.718502371975658, 0.30476637501242354, 6.141559968849212, 4.123170404041558]
PAOUrb [7.873736089291748, 7.119197176858592, 7.055786811922407, 6.34013386921361, 7.579081204995014, 8.532102887920356, 6.977862496886419, 6.6944258208127385, 7.088600458847265, 7.930025664250556, 6.250020252410931, 0.4754480611311904, 0.8887225891405701, 4.0265580951849484, 8.05541174779597, 6.066113674709656, 5.304961885101901, 8.314882549865297, 1.2245874116740645, 6.103628371203955, 4.893167245054342]
PAORur [6.787446556346971, 6.0108969023912575, 9.468779441917292, 3.3040358920012567, 3.464936153101872, 6.261764526476698, 2.986850969934491, 4.614897665335727, 3.1636772427734874, 4.784197555072026, 8.56788885866956, 1.6939967837131495, 2.688982330414122, 3.2086189501496074, 6.332496661155636, 9.079501502134283, 1.5003285751255768, 3.4253784957251634, 5.751271515264332, 4.678285597249903, 0.6790031631221579]
AgrForPêche [5.616864706421187, 8.225653785628682, 8.324876411289383, 5.952706412634877, 0.02042288120657928, 2.9414158646052155, 0.28122560838186583, 4.423985621022097, 0.36076775945135403, 4.233954496309584, 4.661253134494378, 11.707792395433323, 1.2366266383110402, 0.011170462813182092, 2.9761443711315225, 7.299670202513162, 2.764214131911855, 1.8380096712080327, 14.494081109616147, 2.9471130073802763, 2.6566445150529048]
Indus [6.8206811986711955, 5.743824448455653, 7.114209695020472, 2.967945162457557, 11.634798372382257, 7.582203740696068, 4.802280184279904, 5.283822960608107, 6.291372472838695, 6.520595055645496, 10.070570303277778, 0.11338819009987375, 8.399475493077988, 11.272096074872264, 4.753273004782075, 1.6286453114737884, 1.274465873909473, 5.831449426597891, 0.4733368063772896, 8.539225490191923, 1.4704398529814016]
BatTrav [3.982058707569126, 5.543411402378229, 1.904233087331592, 9.133711349971062, 0.08308841284465282, 3.182877358148712, 4.1680604256951135, 3.198092726094514, 3.0282439718020018, 4.814616474064871, 0.03855744123273285, 2.578656699582633, 4.543474179479662, 1.0286237101907327, 5.309155751551121, 6.974416870533089, 11.47989616985909, 5.22050279138907, 2.5769109838771835, 1.480711205568766, 12.398149647807376]
comm [0.013656956102730284, 0.04762883686569587, 3.1966165911092976, 0.2853748491608044, 0.0037323827207906227, 0.030943513972665232, 4.409272575430443, 3.392006542487928, 2.9587380671447527, 0.22000552649429822, 7.820980933408974, 10.727188463994764, 12.60096469371974, 0.6794566140973399, 0.5255198381997893, 0.0974907730830135, 2.901922173681242, 0.01126514270531921, 16.340074059470933, 0.47174489410659237, 5.1389029062141445]
TraEntCommu [3.1766608079388257, 2.8557373975432427, 2.0491162639285507, 6.497179330665559, 0.4812832923501416, 3.822665903937783, 4.368606120671379, 4.498602147440447, 2.9942582796052366, 4.676893722801688, 0.37266767338175455, 1.466303322917474, 4.280318870920622, 0.5662108113105467, 6.005232700649913, 8.828246355166362, 9.021774376890756, 6.1347320093223034, 4.320112804010969, 0.4278537361654865, 7.468689238215538]
Serv [1.8491500294674688, 0.9705819204339492, 2.850310079391484, 0.0880556885230601, 10.967792598035196, 2.447651611797616, 1.07377298388585, 0.6681776451522883, 2.4056510731168066, 0.9855660938859694, 8.358839056643612, 1.370861252718632, 18.217688069233535, 17.62111174216229, 0.5162203221578638, 0.32221003077473787, 1.2445157988147224, 0.6239103680806126, 0.24453675508259173, 5.72848059444181, 1.0844609477467155]
MalDes [5.582459405290353, 5.290571400318827, 2.4047843011111736, 4.952095522353987, 5.986096721107686, 6.166418602311994, 10.822170363439666, 1.7487655412273244, 9.721498571677298, 4.487155042926584, 1.021596384893189, 1.357717209684093, 0.5234930359622537, 2.3064446727175545, 8.225295541179252, 4.606132397214311, 6.564820678222611, 6.034164120213802, 6.082618081271556, 5.87050734224956, 6.8704716536511095]
PAC [4.771412883710672, 6.631655397821902, 1.9689666201429792, 9.369947056740326, 0.9358283125146462, 3.9118659895688834, 5.883374811016006, 3.075918363921289, 4.615342737099911, 5.06711412567989, 0.06995173018252508, 0.7231344865602207, 3.5890502559163915, 0.14316876872055512, 6.055567050861731, 5.364303358620658, 11.660011572136938, 6.196054027183065, 4.08779438944465, 2.61106425959126, 13.116512447901005]
TFPAC [1.2397615233394843, 1.1908126813040674, 3.054276786336942, 6.087320990868701, 0.2855235060373221, 1.4925244007420806, 0.028901170332603397, 11.503716311692504, 0.19705255097210483, 4.526720568027635, 1.3659318662367141, 18.303791403720243, 1.7588828297079961, 4.241447386915405, 1.5447272694941132, 7.17493593067893, 5.77104939560378, 5.265704506312206, 0.03759907217376269, 1.2893435792696695, 3.391902253362691]
ChSansDipUrb [5.040089666880577, 5.185375487119804, 3.1751611045251296, 8.68164351825702, 3.6333026356244926, 5.751029182299621, 5.602796269349981, 7.381575120967081, 4.738738299993381, 7.296713712725192, 1.4586230559523574, 1.1588868145470377, 0.9255381631120361, 0.1497310716082614, 6.2962078752789115, 4.7986769955506015, 10.012055283851023, 9.811366972977794, 8.587912994223956, 1.8662018854281444, 9.877503312344098]
ChNivMoyUrb [7.7550179028830835, 8.262064299964822, 5.319179861735946, 7.29111992279246, 5.171372523769014, 7.3451529200372985, 8.259932219706334, 3.989186457550374, 7.896190418570876, 6.7308715836446815, 3.060779938573071, 0.11646922937811842, 0.007503803357690208, 2.2314880108795268, 8.387274012915913, 6.2704622404587465, 7.131545084125776, 6.93567064874258, 1.2561201614125475, 6.995247412127792, 7.594352588573497]
ChNivSupUrb [8.044258526765027, 8.257883515891557, 7.0093058972040145, 8.172304017164846, 4.928365554347343, 7.861071037495574, 6.255573078030582, 6.913587614208592, 6.0535542093385875, 8.16167212362968, 4.813466350107533, 1.5503147654903622, 0.15825141936483755, 1.8014524167105628, 8.077123407535517, 7.305546918972404, 7.173598604848073, 8.250071698651636, 0.6220032554137364, 5.397805789054947, 6.939861291095749]
ChDipUrb [6.053532877115508, 6.861523566721965, 2.453042201402193, 5.076279103649195, 4.662646211390036, 5.4683684396284145, 10.324511891752525, 0.7841163306722512, 9.6698922877652, 3.9432671849942933, 0.7890574784070628, 1.1390273011394865, 0.22042732737234016, 2.4170500529142718, 7.513628078588811, 3.9722668660959304, 6.1343036107362, 4.3212923962257825, 2.698496313251307, 8.273597871696783, 7.560640367049178]
ChSansDipRur [1.1394551330653597, 1.5218341298317843, 5.907063912734401, 2.8370233687891657, 0.9853682634781851, 0.5934647396763298, 2.3939802175299887, 9.112579008477468, 2.1394326143795883, 2.7986001072243623, 5.138201234093669, 30.094852050494346, 1.595291823723746, 1.589937351721759, 0.12020116647600103, 4.552170405618795, 0.607129714726439, 1.1799637145457125, 14.077724525040313, 0.463772788063024, 0.09981764180832184]
ChDipRur [3.9261299137644223, 2.822271620925577, 9.022608837418291, 0.891245235771449, 5.4278709252856645, 4.198853949337189, 0.1092708664816779, 6.845678112939711, 0.5940210263888065, 4.231015825684431, 14.98779685182999, 4.877415126033425, 16.82366788661551, 7.846844473159886, 1.3671702253346942, 1.4906808474559123, 0.034033948559569004, 2.430592017155817, 5.172509923707607, 3.0921752983779216, 0.20123810206957726]
----------------------------------------------------------------------
----------------------------------------------------------------------
Qualité de représentation des Variables
-------- Axe 1  --------  Axe 2  --------  Axe 3  --------  Axe 4  --------  Axe 5  --------  Axe 6  --------  Axe 7  --------  Axe 8  --------  Axe 9  --------  Axe 10  --------  Axe 11  --------  Axe 12  --------  Axe 13  --------  Axe 14  --------  Axe 15  --------  Axe 16  --------  Axe 17  --------  Axe 18  --------  Axe 19  --------  Axe 20  --------  Axe 21  -------- 
PA15+ [9.586614422453845, 1.2151622641892548, 2.72502254637079, 6.717713852766255, 1.6327987819588423, 9.558365189619925, 4.44375625504029, 4.910897849020128, 1.3326464983194375, 15.267053153164422, 1.2531963300680584, 0.0728242345951652, 0.4171929001971007, 2.180688974223204, 21.737026078981874, 2.6755826239414198, 0.5523703283788777, 10.475336746897447, 0.008509495186136203, 2.85388689127948, 0.3833545833480496]
PA15+Urb [7.6773985203822015, 0.8936405448210141, 0.9185082996902546, 2.093383849165449, 5.041868458469058, 9.41036346023585, 7.847649702108499, 1.3565821618821905, 3.245093937938897, 14.538088355117631, 1.3035505180332412, 0.4067991494980238, 3.3570661427978328, 11.964957056207105, 9.071038412983366, 0.3613013499401378, 0.1251569546949973, 8.988063468275158, 1.4612540355733141, 9.482414474945736, 0.4558211472400306]
PA15+Rur [6.734500039633233, 0.9050135538614809, 0.5702676159617819, 1.1261899398350321, 4.724438539823727, 5.212467729885735, 9.739283706707278, 3.7059889741879055, 4.3042697837242185, 0.789736661559692, 1.0455799992315586, 3.728214721826515, 6.7031464452363245, 22.68590273752409, 6.185938454961323, 0.9753034362325127, 0.4034814659321849, 0.14854703562794563, 0.001519008799772304, 20.2877558269991, 0.02245432244858662]
PAO [9.574372845839205, 1.2994025700435599, 2.503857047341825, 7.758754443914863, 1.3858038214875945, 9.16345812031431, 4.653603860587381, 4.583609384903609, 1.35160876661032, 15.261252128582505, 1.0180978962082117, 0.08594319633930184, 0.22026886302677295, 1.6277906616863242, 22.141292979760497, 2.7906475283369243, 0.7083407104993977, 10.486177729937546, 0.017475599279024468, 2.827268964760604, 0.5409728805402242]
PAOUrb [9.24601072387446, 1.2596752474628892, 2.2437798158346838, 8.038452604608075, 1.4545100384105503, 9.057177520537504, 4.931262418615873, 4.569980235913876, 1.4241827146261088, 15.487950855438681, 0.9068093188815733, 0.06162122690306113, 0.1635578756543406, 1.5843242887425197, 21.699627225876537, 2.4555868325993804, 0.7845656408017585, 11.153466446647398, 0.06933050963996036, 2.774253137432999, 0.6338753214977725]
PAORur [11.37044859304946, 1.5172756581652276, 4.29562562605617, 5.976080256951141, 0.9486216592476004, 9.48268153029729, 3.0112505910631047, 4.4942859451201675, 0.9067655661515662, 13.329876052084694, 1.7733971715514576, 0.3132113410905467, 0.7059774477809109, 1.8010505081431076, 24.335324177584948, 5.243296216927772, 0.3165417762076976, 6.554807625483511, 0.4645111147353387, 3.033488626111719, 0.1254825161965808]
AgrForPêche [12.755605855622882, 2.814696607443241, 5.119719540220189, 14.59560429445253, 0.007579678119585102, 6.038468649427945, 0.38434758927727025, 5.840476546916091, 0.14017369464766058, 15.991866094003074, 1.307888820817941, 2.9345118157730203, 0.4401264095320597, 0.008499920568538951, 15.504298220661617, 5.714543988146562, 0.7905917700768428, 4.76798771345815, 1.586934049711709, 2.59052854043367, 0.665550200689423]
Indus [10.092198333632169, 1.280599178893832, 2.850663374347807, 4.741485066408329, 2.813477920351689, 10.141839499691653, 4.2762953132041845, 4.544998383529886, 1.5927040955464586, 16.046897794222048, 1.8410818757041054, 0.018517381350975717, 1.9477889448838301, 5.588551785859849, 16.13398969013745, 0.8307220764574041, 0.2374978677433933, 9.85631890276998, 0.03376675799686763, 4.8905868048903, 0.24001895237781914]
BatTrav [7.062563252638931, 1.4814460418794222, 0.9146102134960326, 17.490509603904904, 0.024083620708256672, 5.10314435974735, 4.448881792920007, 3.297411839544583, 0.9189189896126693, 14.20241568550036, 0.008449361828149574, 0.5047797697328195, 1.2629159830579046, 0.6112907085624332, 21.600865288815807, 4.264163091732888, 2.5642840440728216, 10.576628044413162, 0.22035107404411225, 1.0165049993589959, 2.4257822344284]
comm [0.09598382494989195, 0.05043919540837661, 6.084094292952483, 2.1655106445690997, 0.004287034052259505, 0.19659706386046172, 18.649760313146185, 13.858884323388423, 3.5578065607898224, 2.571719274178801, 6.791510514430482, 8.321158058821739, 13.879685873430688, 1.6000827444947043, 8.47274712346798, 0.23619944136715068, 2.568640809276175, 0.09044010212532087, 5.5368049291880705, 1.2833225082786746, 3.9843253678232022]
TraEntCommu [5.726213590040191, 0.7756557255671905, 1.0002868205057218, 12.645093392257955, 0.14178298250111487, 6.2291142809259465, 4.73916420560668, 4.714131947076642, 0.9234590263979263, 14.021679302260601, 0.08300025594470205, 0.29172539649339735, 1.2092177838116402, 0.3419884415061318, 24.832333355220232, 5.485830123857339, 2.048151784556114, 12.632011180660923, 0.3754506396543403, 0.2985221021536971, 1.4851876630015226]
Serv [7.575428694650762, 0.5991303200927145, 3.162193360303921, 0.3894870047235242, 7.343124965534215, 9.064584994189056, 2.6473399117253478, 1.5913087726852164, 1.6861622985205909, 6.71531903852033, 4.230990404197713, 0.6198438389593491, 11.696610578424025, 24.188277544127025, 4.851333757978833, 0.45503555784765654, 0.6421092972528735, 2.9196949317022347, 0.04829923744052585, 9.083620383582613, 0.4901051075414823]
MalDes [8.183412839866525, 1.168598979581018, 0.9546545869190702, 7.8378760232086355, 1.4340993572834453, 8.171563275990845, 9.547406683370616, 1.490280174971943, 2.4382249858317393, 10.940213406111612, 0.1850330238176677, 0.21967059789006838, 0.12026839065186892, 1.13289197591954, 27.659949919438304, 2.327643781201292, 1.212007293259842, 10.104299556348204, 0.42989312455539685, 3.330956699557271, 1.1110553242251118]
PAC [7.659214100998921, 1.6040326234515248, 0.8559271696195001, 16.239581630117573, 0.24550481537833468, 5.676549596637849, 5.683631282715372, 2.8703804619853814, 1.2675725957275168, 13.528315623983758, 0.013873840033692126, 0.1281179574210221, 0.902918297084867, 0.07700555810989694, 22.298878363464095, 2.9683954237489982, 2.3572718517970683, 11.361419981750686, 0.31636418885872925, 1.6223301337796339, 2.3227145033355696]
TFPAC [2.951686324505052, 0.42719831961842486, 1.9692537847835165, 15.647996542214651, 0.11109654198835284, 3.2123048011194615, 0.04141042115637138, 15.922001562929905, 0.08026861770660929, 17.92509914234375, 0.40181125513370924, 4.80979790538211, 0.6562973674843522, 3.3836287446654065, 8.436743650168442, 5.888725218581494, 1.7304550360370172, 14.320848194848217, 0.0043158887432553335, 1.1881880369145288, 0.8908726436753719]
ChSansDipUrb [6.833773556727005, 1.0593917014445433, 1.165867872805996, 12.709391529301683, 0.8051012831655913, 7.049059066565907, 4.5718220740661835, 5.818336226453715, 1.099301243810579, 16.454907995701404, 0.24435791241161436, 0.17342714083896393, 0.19667463613235384, 0.06802535641150428, 19.583592773992056, 2.2429265502955342, 1.709696560927191, 15.196096689384927, 0.5613982055056639, 0.9794119732758184, 1.4774396507817462]
ChNivMoyUrb [9.621369726608979, 1.5445312690544064, 1.7871459563517336, 9.766722074200214, 1.0485437276885357, 8.23793191637216, 6.167267004025525, 2.8771723940666982, 1.6761133501099967, 13.889008200594194, 0.46918834621198946, 0.015948469886821453, 0.0014590401637030806, 0.927652307196071, 23.870742133986102, 2.6817906288885265, 1.1143232942842247, 9.829304026125385, 0.07513570204246078, 3.3592447158763536, 1.0394057162658985]
ChNivSupUrb [9.357053765030715, 1.447357757571658, 2.2079506744500828, 10.263561963957143, 0.9368771412855195, 8.26605105883431, 4.37907492232542, 4.675025949201142, 1.2047452270981769, 15.789852741438681, 0.6917864586275818, 0.19903374299870005, 0.028849110204492767, 0.7021218244767299, 21.552656842948835, 2.929389040693026, 1.0509054777196634, 10.962031244393584, 0.034882437620804806, 2.430271669483133, 0.8905209496406002]
ChDipUrb [9.552890823510483, 1.631550435719222, 1.0483159091162522, 8.649119353473136, 1.202499754813533, 7.800939942823342, 9.805225954917976, 0.7193394149852966, 2.6108337530407297, 10.349704351432498, 0.153849312685559, 0.19838725316178818, 0.054515882564893696, 1.2780508249898344, 27.199855277432917, 2.1609043285154663, 1.2191710854358806, 7.789682734884476, 0.20530938458492076, 5.053645589406005, 1.3162086325057938]
ChSansDipRur [4.163802015067246, 0.837942458905119, 5.845555115209476, 11.193251031379589, 0.5884614753408162, 1.9604285560499084, 5.264723503786377, 19.358049593762853, 1.337590350628571, 17.009028883412793, 2.3198770157874566, 12.137766432911697, 0.913618078253215, 1.9467466054687736, 1.0076101057478697, 5.734328461836431, 0.27941377250292637, 4.925402217262689, 2.4801980840227693, 0.6559678714812894, 0.04023837118212529]
ChDipRur [10.020925937613924, 1.085415528089585, 6.236437348713448, 2.456070882248618, 2.2641193781293945, 9.688068754067553, 0.16784551522745073, 10.157506532939383, 0.2594040051870651, 17.96113041945075, 4.726525392116051, 1.37399967082987, 6.729698011236944, 6.710807839425395, 8.004915804067096, 1.3115929410690703, 0.010940294238093234, 7.086559873810076, 0.6365105143117454, 3.054863129632845, 0.05666222759562174]
----------------------------------------------------------------------
